      0/49        0G   0.07778   0.01822         0   0.09601        33       640       0.1      0.05   0.02132  0.002744    0.1205   0.02136         0
      1/49        0G   0.07454   0.01684         0   0.09138        28       640    0.2236      0.25   0.08019   0.01239    0.1161   0.01962         0
      2/49        0G   0.07099   0.01509         0   0.08609        36       640    0.3019    0.3461    0.1786   0.02834     0.111   0.01828         0
      3/49        0G   0.06685   0.01388         0   0.08073        24       640    0.3742    0.2991    0.2362   0.05059    0.1072   0.01699         0
      4/49        0G   0.06447   0.01439         0   0.07886        62       640    0.2995      0.25    0.1902   0.04561    0.1009   0.01678         0
      5/49        0G   0.06325   0.01355         0   0.07679        38       640    0.3176     0.489    0.2749   0.06079   0.09657   0.01649         0
      6/49        0G    0.0596     0.013         0   0.07259        38       640    0.4222      0.45    0.3663    0.1147   0.09074   0.01646         0
      7/49        0G   0.05685    0.0139         0   0.07075        47       640    0.5016       0.8    0.5243    0.2052    0.0849   0.01648         0
      8/49        0G   0.05405   0.01315         0    0.0672        40       640    0.7866       0.9      0.91    0.3394   0.08053   0.01631         0
      9/49        0G   0.05043    0.0125         0   0.06292        36       640    0.7655      0.85    0.7523    0.2993   0.07231   0.01598         0
     10/49        0G    0.0517   0.01171         0   0.06342        42       640    0.7498    0.8989    0.8523    0.3718   0.06362   0.01604         0
     11/49        0G   0.04981   0.01143         0   0.06123        43       640    0.9975      0.95    0.9885     0.522   0.06274   0.01519         0
     12/49        0G   0.05315   0.01082         0   0.06398        45       640    0.9044      0.95    0.9229     0.372   0.06142   0.01473         0
     13/49        0G    0.0494   0.01049         0    0.0599        46       640         1    0.7998    0.9388    0.4133   0.06598   0.01375         0
     14/49        0G   0.05439  0.009353         0   0.06375        24       640     0.898       0.9     0.934     0.573   0.05795   0.01414         0
     15/49        0G   0.05352  0.009455         0   0.06297        44       640    0.8333         1    0.9706    0.4722   0.06118   0.01355         0
     16/49        0G   0.05583  0.009652         0   0.06548        38       640    0.8233    0.6991    0.7784    0.3268   0.06936   0.01215         0
     17/49        0G   0.05657  0.009324         0   0.06589        43       640    0.8387       0.8    0.8983    0.4472   0.06386    0.0125         0
     18/49        0G    0.0507  0.008049         0   0.05875        27       640    0.7989       0.8     0.857    0.3318   0.06288   0.01247         0
     19/49        0G   0.04526   0.00885         0   0.05411        31       640    0.9524    0.9999    0.9926    0.5723   0.05924   0.01214         0
     20/49        0G   0.05311  0.008008         0   0.06112        32       640    0.7999         1    0.9601    0.5343   0.06188   0.01175         0
     21/49        0G   0.04993  0.007858         0   0.05779        33       640    0.9411    0.7995    0.9028     0.506   0.05983    0.0118         0
     22/49        0G   0.04711  0.007592         0   0.05471        34       640    0.5707     0.997    0.8178    0.2849   0.06824   0.01115         0
     23/49        0G   0.05124  0.007514         0   0.05876        37       640       0.9    0.8997    0.9288    0.5427    0.0605   0.01159         0
     24/49        0G   0.04983  0.007751         0   0.05758        35       640         1       0.8    0.8257    0.5052   0.06006   0.01168         0
     25/49        0G   0.05118  0.007062         0   0.05824        37       640     0.833      0.75     0.744    0.3739   0.06441   0.01153         0
     26/49        0G    0.0544   0.00646         0   0.06086        23       640         1       0.8     0.811    0.4878    0.0601   0.01165         0
     27/49        0G   0.06323  0.007008         0   0.07024        37       640    0.8978       0.9    0.9535    0.5694   0.05836     0.011         0
     28/49        0G   0.05728  0.006631         0   0.06391        31       640    0.8176       0.9    0.9356    0.5356   0.05941   0.01071         0
     29/49        0G   0.05412  0.006994         0   0.06111        60       640    0.8998       0.9    0.9571    0.4937   0.06015   0.01086         0
     30/49        0G   0.05193  0.006009         0   0.05794        29       640    0.9997       0.8    0.9356    0.4452   0.06141   0.01079         0
     31/49        0G   0.05292  0.006487         0   0.05941        33       640    0.9997       0.8    0.9406    0.5406   0.05922   0.01102         0
     32/49        0G   0.03795  0.006805         0   0.04476        32       640    0.9457       0.9    0.9665    0.5911   0.05833   0.01097         0
     33/49        0G   0.05609  0.006697         0   0.06278        50       640    0.9048      0.95    0.9755    0.5853   0.05953   0.01098         0
     34/49        0G   0.05082  0.006163         0   0.05698        25       640         1    0.8993    0.9819    0.6385   0.05747   0.01078         0
     35/49        0G   0.03943  0.006325         0   0.04576        28       640    0.9999         1     0.995    0.6607   0.05995   0.01005         0
     36/49        0G   0.05277  0.006011         0   0.05878        29       640         1         1     0.995    0.6228   0.06108  0.009721         0
     37/49        0G   0.05631  0.005992         0    0.0623        41       640    0.9999         1     0.995    0.6593   0.05993   0.01009         0
     38/49        0G   0.04643  0.005866         0   0.05229        27       640    0.9999         1     0.995    0.6771   0.05997   0.01007         0
     39/49        0G   0.05016  0.006197         0   0.05636        39       640         1         1     0.995    0.6176   0.06151  0.009695         0
     40/49        0G   0.04562  0.005773         0   0.05139        26       640    0.9999         1     0.995    0.5798   0.06196  0.009676         0
     41/49        0G   0.05305  0.005926         0   0.05897        41       640         1    0.9999     0.995    0.6848   0.05815  0.009937         0
     42/49        0G   0.04791  0.005886         0    0.0538        38       640         1         1     0.995    0.6284    0.0582   0.01016         0
     43/49        0G   0.05694  0.006152         0   0.06309        33       640         1         1     0.995    0.5996    0.0567    0.0105         0
     44/49        0G   0.05238    0.0063         0   0.05868        36       640    0.9998         1     0.995    0.6736   0.05355   0.01055         0
     45/49        0G   0.05775   0.00581         0   0.06356        32       640         1         1     0.995    0.6838   0.05303    0.0105         0
     46/49        0G   0.03665  0.005624         0   0.04228        35       640    0.9997         1     0.995    0.6834   0.05331   0.01043         0
     47/49        0G   0.04456  0.005902         0   0.05047        34       640         1    0.9998     0.995    0.7066   0.05329   0.01021         0
     48/49        0G   0.03765  0.005419         0   0.04307        27       640         1         1     0.995    0.6917   0.05323   0.01021         0
     49/49        0G   0.03866  0.005336         0     0.044        28       640    0.9999         1     0.995    0.6909   0.05223   0.01024         0
